Connected successfully!!!
0.0144798755646
0.00809979438782
0.00743412971497
0.0105440616608
0.00780701637268
0.00705599784851
0.00695586204529
0.00718283653259
0.00696492195129
0.00711679458618
0.00701785087585
0.00699806213379
0.00699591636658
0.00694584846497
0.00736880302429
0.0111491680145
0.00802993774414
0.0079619884491
0.0081250667572
0.00790309906006
0.00755286216736
0.00735282897949
0.00701403617859
0.00700306892395
0.00715899467468
0.00861811637878
0.00759291648865
0.00738406181335
0.00710296630859
0.00882887840271
0.00736904144287
0.00758385658264
0.00770592689514
0.00770807266235
0.00734400749207
0.0082859992981
0.00729703903198
0.00723910331726
0.00696015357971
0.00873303413391
0.00748991966248
0.0070161819458
0.00708293914795
0.0088529586792
0.00769019126892
0.00888514518738
0.0076858997345
0.00886392593384
0.0076858997345
0.00773096084595
0.00709986686707
0.00701189041138
0.00704097747803
0.00697588920593
0.00884294509888
0.00813603401184
0.111967802048
0.00686693191528
0.00682592391968
0.00816702842712
0.00933504104614
0.00698590278625
0.00690412521362
0.00682783126831
0.00684189796448
0.00687098503113
0.00688910484314
0.00695300102234
0.0068519115448
0.00844478607178
0.0171978473663
0.0074520111084
0.00730395317078
0.00738382339478
0.00758790969849
0.0074679851532
0.00765585899353
0.007248878479
0.00699591636658
0.00696897506714
0.00791311264038
0.00803017616272
0.00704884529114
0.00697612762451
0.0150079727173
0.0155777931213
0.00756502151489
0.00735902786255
0.00741696357727
0.00702810287476
0.0069420337677
0.00706887245178
0.00690221786499
0.00701189041138
0.0078501701355
0.00806903839111
0.00698208808899
0.013072013855
0.00783491134644
0.00736713409424
0.0075089931488
0.0179660320282
0.0115070343018
0.00737500190735
0.00694298744202
0.00692796707153
0.00748014450073
0.0171711444855
0.0121619701385
0.00738596916199
0.00734186172485
0.00737118721008
0.0073230266571
0.00695514678955
0.00686883926392
0.00847911834717
0.00704503059387
0.0104389190674
0.00774002075195
0.00691103935242
0.00693297386169
0.0139689445496
0.0153210163116
0.00745701789856
0.0073070526123
0.00741195678711
0.00690507888794
0.00695490837097
0.00699687004089
0.00694417953491
0.00727796554565
0.0079882144928
0.00723004341125
0.00687599182129
0.00681495666504
0.00959491729736
0.00742816925049
0.00727796554565
0.00725102424622
0.00732016563416
0.00742697715759
0.00690913200378
0.00690412521362
0.00688695907593
0.00698018074036
0.00690102577209
0.00691604614258
0.00777888298035
0.00829005241394
0.0118668079376
0.00732684135437
0.00745987892151
0.00753903388977
0.00736308097839
0.00735020637512
0.00731897354126
0.00698208808899
0.00686001777649
0.00699782371521
0.00701284408569
0.00777006149292
0.00768995285034
0.0070788860321
0.00698184967041
0.00755286216736
0.00730085372925
0.00733113288879
0.00737595558167
0.00722289085388
0.00727415084839
0.00695109367371
0.00683903694153
0.00690507888794
0.00685787200928
0.00772213935852
0.00735807418823
0.00685691833496
0.00686407089233
0.0130779743195
0.012717962265
0.00841784477234
0.00778603553772
0.00776100158691
0.0101511478424
0.00750589370728
0.00738906860352
0.00730895996094
0.00730180740356
0.00731205940247
0.00836205482483
0.00758504867554
0.0892040729523
0.00682497024536
0.00678896903992
0.00670003890991
0.00919103622437
0.00833916664124
0.00691699981689
0.00731015205383
0.00919604301453
0.00682091712952
0.00871706008911
0.00900101661682
0.00702619552612
0.00691294670105
0.00765705108643
0.00727510452271
0.00859308242798
0.0099048614502
0.0073401927948
0.00751519203186
0.00691199302673
0.00706005096436
0.00764203071594
0.00692892074585
0.00795316696167
0.00700378417969
0.00693511962891
0.00909399986267
0.0130650997162
0.0127050876617
0.0072169303894
0.00724816322327
0.00721406936646
0.00720691680908
0.00686407089233
0.00682091712952
0.00712203979492
0.00683188438416
0.0076379776001
0.00789093971252
0.00695204734802
0.0113110542297
0.00734996795654
0.00730991363525
0.00731182098389
0.00725984573364
0.00731086730957
0.00688314437866
0.00694799423218
0.0070378780365
0.00690412521362
0.00716090202332
0.00787305831909
0.00699400901794
0.00678181648254
0.00682902336121
0.0110549926758
0.00732398033142
0.00722599029541
0.00740385055542
0.00729894638062
0.00727415084839
0.0069100856781
0.00685000419617
0.00685596466064
0.00696706771851
0.00819087028503
0.00783801078796
0.00710201263428
0.00682997703552
0.013200044632
0.0126268863678
0.00725603103638
0.00722813606262
0.007248878479
0.00727295875549
0.00696206092834
0.00678992271423
0.00681018829346
0.00694179534912
0.00684690475464
0.00704407691956
0.00678396224976
0.00682806968689
0.041610956192
0.0103549957275
0.00797891616821
0.00749921798706
0.0161859989166
0.00984501838684
0.0073070526123
0.00857901573181
0.0082950592041
0.0073299407959
0.00696778297424
0.00713801383972
0.00905704498291
0.00780200958252
0.00748109817505
0.00754904747009
0.00769186019897
0.00750494003296
0.00699210166931
0.00704503059387
0.00698304176331
0.00858497619629
0.00746202468872
0.00732922554016
0.00711011886597
0.00693202018738
0.0107378959656
0.00783085823059
0.00810098648071
0.00793480873108
0.00768303871155
0.00745415687561
0.00701212882996
0.00694704055786
0.00695514678955
0.00768995285034
0.00842499732971
0.00798392295837
0.0072340965271
0.00695300102234
0.00942802429199
0.00767493247986
0.0077588558197
0.00783801078796
0.00810194015503
0.00800395011902
0.00701808929443
0.00706887245178
0.00696396827698
0.00696301460266
0.00791001319885
0.0080258846283
0.00708603858948
0.00695204734802
0.115339040756
0.00748491287231
0.00707411766052
0.00703406333923
0.007080078125
0.00704407691956
0.00706195831299
0.00704884529114
0.00701189041138
0.00699806213379
0.0070378780365
0.00701308250427
0.00701522827148
0.00697493553162
0.00699305534363
0.00878596305847
0.00772094726562
0.00802803039551
0.00748085975647
0.00732612609863
0.00737500190735
0.00789999961853
0.00920295715332
0.00704884529114
0.00874400138855
0.00996208190918
0.00968599319458
0.0175650119781
0.0077760219574
0.00730109214783
0.00730609893799
0.00739097595215
0.00746607780457
0.006915807724
0.00684595108032
0.0070059299469
0.00689601898193
0.00800204277039
0.00698399543762
0.00682210922241
0.00688600540161
0.0135359764099
0.0129141807556
0.00731897354126
0.00728702545166
0.0073299407959
0.00915694236755
0.00717091560364
0.00736904144287
0.00961112976074
0.017758846283
0.00934100151062
0.0147829055786
0.0111479759216
0.00764107704163
0.0100839138031
0.0153307914734
0.00858092308044
0.00855898857117
0.0081000328064
0.00788402557373
0.00944709777832
0.0071702003479
0.0112638473511
0.00723695755005
0.00736308097839
0.00740194320679
0.00728297233582
0.00684404373169
0.0068359375
0.00697803497314
0.00681805610657
0.00786304473877
0.00783514976501
0.00694394111633
0.00694704055786
0.00685787200928
0.00691604614258
0.009770154953
0.0074360370636
0.00744605064392
0.00736403465271
0.00737595558167
0.00731706619263
0.00703620910645
0.0069580078125
0.00695109367371
0.00694799423218
0.00698018074036
0.00789403915405
0.00796699523926
0.00695085525513
0.0123920440674
0.0077908039093
0.00791382789612
0.00992178916931
0.00813293457031
0.00984692573547
0.00693321228027
0.00928497314453
0.00953507423401
0.0101840496063
0.0185511112213
0.011981010437
0.0103139877319
0.0108261108398
0.011262178421
0.00932192802429
0.00693893432617
0.00687384605408
0.00829410552979
0.00752711296082
0.00684809684753
0.00708389282227
0.00678896903992
0.0112700462341
0.00865983963013
0.010146856308
0.00860285758972
0.0112018585205
0.00765705108643
0.00929498672485
0.00716209411621
0.0094621181488
0.00869607925415
0.00724506378174
0.00700092315674
0.0873808860779
0.00699090957642
0.00697994232178
0.00734615325928
0.00701308250427
0.00690102577209
0.00915598869324
0.00953912734985
0.00701808929443
0.0094838142395
0.00905084609985
0.00690317153931
0.00693082809448
0.016294002533
0.0108630657196
0.0072660446167
0.00728106498718
0.00730800628662
0.00698900222778
0.00684404373169
0.00697898864746
0.00687694549561
0.00768089294434
0.00792002677917
0.00699496269226
0.00702810287476
0.00720691680908
0.0123090744019
0.00761914253235
0.00738000869751
0.00742101669312
0.00742506980896
0.00742816925049
0.00701594352722
0.00700998306274
0.00701713562012
0.00791501998901
0.00786089897156
0.00718712806702
0.00719499588013
0.00707697868347
0.0151319503784
0.0157971382141
0.00770211219788
0.00738716125488
0.00727701187134
0.00738000869751
0.00705885887146
0.00680303573608
0.0069899559021
0.00708293914795
0.00695991516113
0.00782299041748
0.00790596008301
0.0166130065918
0.0151941776276
0.00754308700562
0.00761198997498
0.00772619247437
0.00708794593811
0.00712180137634
0.00701403617859
0.00700497627258
0.00787687301636
0.00720810890198
0.00698804855347
0.00695085525513
0.00957608222961
0.00728511810303
0.00731515884399
0.00730299949646
0.00742888450623
0.00730991363525
0.00696516036987
0.00706601142883
0.00713300704956
0.00808596611023
0.00826692581177
0.00741100311279
0.00711297988892
0.00689101219177
0.011666059494
0.00726103782654
0.00736308097839
0.00743317604065
0.00732588768005
0.00725483894348
0.00695896148682
0.00695204734802
0.00685906410217
0.0068621635437
0.00697493553162
0.00780892372131
0.0074679851532
0.00708699226379
0.0118839740753
0.0153450965881
0.00742506980896
0.00727605819702
0.00726199150085
0.00707197189331
0.00682902336121
0.00685596466064
0.00686407089233
0.00689196586609
0.00689387321472
0.00794410705566
0.00698494911194
0.00708293914795
0.00840282440186
0.00783085823059
0.00855994224548
0.00772309303284
0.0073618888855
0.00730490684509
0.0072979927063
0.00693583488464
0.00689196586609
0.00685596466064
0.00683403015137
0.00810503959656
0.00755095481873
0.00703597068787
0.0120491981506
0.00750803947449
0.00743579864502
0.0075569152832
0.0076789855957
0.00792717933655
0.00775098800659
0.00740694999695
0.00712394714355
0.00707197189331
0.00690102577209
0.00711989402771
0.00732088088989
0.00813293457031
0.167201042175
0.0164818763733
0.0092089176178
0.00721597671509
0.00696396827698
0.0069580078125
0.00704884529114
0.00720191001892
0.0069580078125
0.00690293312073
0.00696611404419
0.00709295272827
0.00686192512512
0.0105149745941
0.0155391693115
0.00742793083191
0.00747990608215
0.00741505622864
0.00707411766052
0.00734114646912
0.00704407691956
0.00714993476868
0.00808596611023
0.00823712348938
0.00717902183533
0.00710892677307
0.0145680904388
0.0128660202026
0.00735807418823
0.00737309455872
0.00762295722961
0.00699687004089
0.00708699226379
0.00696301460266
0.00706315040588
0.0080029964447
0.0070481300354
0.00687193870544
0.00700306892395
0.0117890834808
0.00736308097839
0.00732707977295
0.00734710693359
0.00773310661316
0.0073709487915
0.00695705413818
0.00695705413818
0.00712609291077
0.00689601898193
0.00791192054749
0.00764894485474
0.00699090957642
0.00694108009338
0.00702309608459
0.00803518295288
0.00745296478271
0.00754618644714
0.00753307342529
0.00727796554565
0.00732088088989
0.00750207901001
0.00703191757202
0.00693702697754
0.00696516036987
0.0071759223938
0.007817029953
0.00792002677917
0.00692415237427
0.0130069255829
0.00737190246582
0.00727605819702
0.00727987289429
0.007563829422
0.00732398033142
0.00688505172729
0.00688886642456
0.00689101219177
0.00691413879395
0.00789904594421
0.0078661441803
0.00702595710754
0.00708103179932
0.0134108066559
0.0128409862518
0.00730991363525
0.00729393959045
0.00742602348328
0.00731110572815
0.00709509849548
0.00692510604858
0.00681495666504
0.00693988800049
0.00689888000488
0.00806498527527
0.00701904296875
0.00691914558411
0.00986194610596
0.00738906860352
0.00739097595215
0.00740313529968
0.00732588768005
0.0075318813324
0.00696110725403
0.00694894790649
0.00685715675354
0.00688600540161
0.00801515579224
0.00718402862549
0.00687408447266
0.00675797462463
0.0123329162598
0.00775599479675
0.00977396965027
0.00968909263611
0.00840902328491
0.0072500705719
0.0071280002594
0.00915884971619
0.00941896438599
0.00719499588013
0.00779914855957
0.0077850818634
0.00752902030945
0.00920391082764
0.00736308097839
0.00736689567566
0.00750207901001
0.0074200630188
0.00689816474915
0.00698685646057
0.00700879096985
0.00689601898193
0.00791788101196
0.00740504264832
0.00710988044739
0.00706815719604
0.00704288482666
0.113373041153
0.00719690322876
0.00701498985291
0.0069100856781
0.00693297386169
0.00698494911194
0.00701189041138
0.00702214241028
0.00695109367371
0.00691890716553
0.00693202018738
0.00708389282227
0.00714302062988
0.00687289237976
0.00679206848145
0.0113258361816
0.00737309455872
0.00726795196533
0.00730013847351
0.00728011131287
0.00749111175537
0.00685000419617
0.00704312324524
0.00697016716003
0.00699806213379
0.00809597969055
0.00791096687317
0.0070469379425
0.00701403617859
0.0126368999481
0.00736403465271
0.00748205184937
0.00747013092041
0.00740003585815
0.0074291229248
0.0074610710144
0.00685811042786
0.0071849822998
0.00694394111633
0.00685596466064
0.00703811645508
0.00785207748413
0.00810813903809
0.0132429599762
0.0073299407959
0.00744104385376
0.00745320320129
0.00741982460022
0.00731778144836
0.00690293312073
0.00708699226379
0.00703096389771
0.0068690776825
0.00761103630066
0.0079550743103
0.00691604614258
0.00691699981689
0.0125288963318
0.0106389522552
0.0204198360443
0.00903105735779
0.00695514678955
0.00688409805298
0.00691294670105
0.00704407691956
0.00753903388977
0.00808596611023
0.0069751739502
0.00695109367371
0.0131559371948
0.0150640010834
0.00739812850952
0.00744795799255
0.00739693641663
0.00694608688354
0.00708293914795
0.00686883926392
0.00724601745605
0.00802302360535
0.00711178779602
0.00703287124634
0.00682210922241
0.0113799571991
0.00740194320679
0.00723505020142
0.00729990005493
0.00755882263184
0.00742793083191
0.00683689117432
0.00688195228577
0.00698399543762
0.00714707374573
0.00791096687317
0.00787305831909
0.00687384605408
0.00717401504517
0.0241189002991
0.0117020606995
0.00881695747375
0.00885796546936
0.00882196426392
0.00879096984863
0.00876498222351
0.0088369846344
0.00835990905762
0.00706481933594
0.00703191757202
0.00697422027588
2.26892089844
0.007896900177
0.00772094726562
0.00747489929199
0.00763583183289
0.0074508190155
0.00735712051392
0.00722002983093
0.00763487815857
0.00814485549927
0.00838899612427
0.015793800354
0.0138869285583
0.00989198684692
0.00997400283813
0.0181570053101
0.00934386253357
0.0147910118103
0.00954699516296
0.0093948841095
0.0140030384064
0.00677609443665
0.0847759246826
0.0172970294952
0.00718903541565
0.00706315040588
0.00696396827698
0.00694894790649
0.00720715522766
0.00691890716553
0.00708794593811
0.00698304176331
0.00702905654907
0.00705599784851
0.0069408416748
0.0137770175934
0.0183899402618
0.0098831653595
0.00898790359497
0.00751209259033
0.00699496269226
0.00705695152283
0.007169008255
0.00811004638672
0.0105471611023
0.007169008255
0.00691485404968
0.00767016410828
0.00860595703125
0.00890707969666
0.0111668109894
0.0108239650726
0.00911808013916
0.00926399230957
0.00861001014709
0.00842189788818
0.00728702545166
0.00690507888794
0.00681900978088
0.0117888450623
0.00868701934814
0.00867009162903
0.0115530490875
0.00911903381348
0.00934600830078
0.00926518440247
0.00982403755188
0.00939702987671
0.00930881500244
0.00947499275208
0.0156419277191
0.0119690895081
0.00995898246765
0.0171959400177
0.00845694541931
0.00703501701355
0.00831508636475
0.00708508491516
0.0068359375
0.00720310211182
0.00926995277405
0.0149149894714
0.0150141716003
0.00872588157654
0.00711107254028
0.00677394866943
0.00697207450867
0.00751900672913
0.00871801376343
0.00914287567139
0.00922417640686
0.00684094429016
0.0068371295929
0.0115852355957
0.0166049003601
0.0083589553833
0.00734400749207
0.00773978233337
0.00696802139282
0.00723695755005
0.00923490524292
0.0106461048126
0.0151710510254
0.00693583488464
0.0131278038025
0.0155289173126
0.0072910785675
0.00724196434021
0.00684189796448
0.00698089599609
0.00704908370972
0.00796914100647
0.00722312927246
0.00701212882996
0.0069568157196
0.0068359375
0.00734496116638
0.0168249607086
0.00734496116638
0.00724911689758
0.00845885276794
0.00725889205933
0.00787115097046
0.00924396514893
0.00931811332703
0.00869512557983
0.00723385810852
0.00703120231628
0.00792813301086
0.0134398937225
0.0108549594879
0.0102610588074
0.0107569694519
0.0091860294342
0.00722002983093
0.00696206092834
0.00691604614258
0.00770211219788
0.00901389122009
0.00726890563965
0.00683188438416
0.00721311569214
0.0857238769531
0.00735187530518
0.00868010520935
0.00719809532166
0.00963401794434
0.00890207290649
0.00686097145081
0.00697803497314
0.00854897499084
0.00914597511292
0.00860810279846
0.00699806213379
0.0072500705719
0.0121898651123
0.0127639770508
0.00767707824707
0.00761294364929
0.00978899002075
0.00819706916809
0.00723505020142
Mean Total
0.0112408359051
Upper limit:
12
